1495.53 100 100 0 0
1499.26 200 100 0 0
1503.21 300 100 0 0
1506.66 400 100 0 0
1508.88 500 100 0 0
1512.3 600 100 0 0
1514.51 700 100 0 0
1518.5 800 100 0 0
1521.61 900 100 0 0
1524.37 1000 100 0 0
1528.3 1100 100 0 0
1530.57 1200 100 0 0
1533.12 1300 100 0 0
1537.09 1400 100 0 0
1540.88 1500 100 0 0
1543.18 1600 100 0 0
1545.51 1700 100 0 0
1549.11 1800 100 0 0
1553.23 1900 100 0 0
1557.9 2000 100 0 0
1560.44 2100 100 0 0
1562.97 2200 100 0 0
1567 2300 100 0 0
1569.77 2400 100 0 0
1574.26 2500 100 0 0
1576.84 2600 100 0 0
1579.53 2700 100 0 0
1582.3 2800 100 0 0
1585.41 2900 100 0 0
1588.24 3000 100 0 0
1592.52 3100 100 0 0
1595.14 3200 100 0 0
1597.62 3300 100 0 0
1600.15 3400 100 0 0
1602.83 3500 100 0 0
1605.3 3600 100 0 0
1608.96 3700 100 0 0
1611.45 3800 100 0 0
1613.83 3900 100 0 0
1616.47 4000 100 0 0
1619.8 4100 100 0 0
1624.39 4200 100 0 0
1626.26 4300 100 0 0
1628.66 4400 100 0 0
1631.17 4500 100 0 0
1634.08 4600 100 0 0
1636.6 4700 100 0 0
1640.13 4800 100 0 0
1642.75 4900 100 0 0
1645.33 5000 100 0 0
1647.92 5100 100 0 0
1650.93 5200 100 0 0
1654.38 5300 100 0 0
1658.7 5400 100 0 0
1661.92 5500 100 0 0
1664.26 5600 100 0 0
1666.47 5700 100 0 0
1671.01 -5700 -11400 11400 100
1673.05 -5700 0 0 100
1675.28 -5700 0 0 100
1677.56 -5700 0 0 100
1679.89 -5700 0 0 100
1682.05 -5700 0 0 100
1684.21 -5700 0 0 100
1686.37 -5700 0 0 100
1690.26 -5700 0 0 100
1692.47 -5700 0 0 100
1694.75 -5700 0 0 100
1697.16 -5700 0 0 100
1699.54 -5700 0 0 100
1703.8 -5700 0 0 100
1706.39 -5700 0 0 100
1709 -5700 0 0 100
1711.58 -5700 0 0 100
1714.05 -5700 0 0 100
1716.62 -5700 0 0 100
1719.31 -5700 0 0 100
1721.54 -5700 0 0 100
1725.06 -5700 0 0 100
1727.61 -5700 0 0 100
1730.09 -5700 0 0 100
1732.51 -5700 0 0 100
1735.28 -5700 0 0 100
1738.14 -5700 0 0 100
1742.44 -5700 0 0 100
1745.33 -5700 0 0 100
1748.37 -5700 0 0 100
1753.01 -5700 0 0 100
1756.18 -5700 0 0 100
1761.53 -5700 0 0 100
1765.38 -5700 0 0 100
1768.16 -5700 0 0 100
1771.8 5800 11500 11400 0
1774.19 5900 100 0 0
1776.55 6000 100 0 0
1778.86 6100 100 0 0
1781.25 6200 100 0 0
1783.56 6300 100 0 0
1785.87 6400 100 0 0
1788.06 6500 100 0 0
1791.39 6600 100 0 0
1793.54 6700 100 0 0
1795.71 6800 100 0 0
1797.85 6900 100 0 0
1800 7000 100 0 0
1802.23 7100 100 0 0
1804.51 7200 100 0 0
1807.79 7300 100 0 0
1809.95 7400 100 0 0
1812.1 7500 100 0 0
1814.25 7600 100 0 0
1816.5 7700 100 0 0
1818.7 7800 100 0 0
1820.95 7900 100 0 0
1824.23 8000 100 0 0
1826.38 8100 100 0 0
1828.54 8200 100 0 0
1830.7 8300 100 0 0
1832.84 8400 100 0 0
1835.03 8500 100 0 0
1837.29 8600 100 0 0
1840.7 8700 100 0 0
1842.85 8800 100 0 0
1844.99 8900 100 0 0
1847.17 9000 100 0 0
1849.32 -9000 -18000 18000 100
1851.87 -9000 0 0 100
1854.24 -9000 0 0 100
1857.33 -9000 0 0 100
1859.49 -9000 0 0 100
1861.65 -9000 0 0 100
1863.81 -9000 0 0 100
1866.08 -9000 0 0 100
1868.37 -9000 0 0 100
1870.61 -9000 0 0 100
1873.95 -9000 0 0 100
1876.11 -9000 0 0 100
1878.25 -9000 0 0 100
1880.4 -9000 0 0 100
1883.07 -9000 0 0 100
1885.4 -9000 0 0 100
1888.03 -9000 0 0 100
1891.38 -9000 0 0 100
1893.73 -9000 0 0 100
1896.1 -9000 0 0 100
1898.55 -9000 0 0 100
1900.87 -9000 0 0 100
1904.37 -9000 0 0 100
1906.52 -9000 0 0 100
1908.68 -9000 0 0 100
1910.83 -9000 0 0 100
1912.97 -9000 0 0 100
1915.26 9100 18100 18000 0
1917.5 9200 100 0 0
1919.73 9300 100 0 0
1923.03 9400 100 0 0
1925.21 9500 100 0 0
1927.45 9600 100 0 0
1929.97 9700 100 0 0
1933.46 9800 100 0 0
1935.53 9900 100 0 0
1937.72 10000 100 0 0
1941.05 10100 100 0 0
1943.2 10200 100 0 0
1945.41 10300 100 0 0
1947.6 10400 100 0 0
1949.79 10500 100 0 0
1951.98 10600 100 0 0
1954.19 10700 100 0 0
1957.54 10800 100 0 0
1959.7 10900 100 0 0
1961.94 11000 100 0 0
1964.18 11100 100 0 0
1966.32 11200 100 0 0
1968.78 11300 100 0 0
1971.14 11400 100 0 0
1974.23 -11400 -22800 22800 100
1976.45 -11400 0 0 100
1978.6 -11400 0 0 100
1980.75 -11400 0 0 100
1982.9 -11400 0 0 100
1985.07 -11400 0 0 100
1987.29 -11400 0 0 100
1990.68 -11400 0 0 100
1993.1 -11400 0 0 100
1995.39 -11400 0 0 100
1998.5 -11400 0 0 100
2000.75 -11400 0 0 100
2003.07 -11400 0 0 100
2006.34 -11400 0 0 100
2008.6 -11400 0 0 100
2010.79 -11400 0 0 100
2012.98 -11400 0 0 100
2015.24 -11400 0 0 100
2017.42 -11400 0 0 100
2019.64 -11400 0 0 100
2023.04 -11400 0 0 100
2025.24 11500 22900 22800 0
2027.41 11600 100 0 0
2029.6 11700 100 0 0
2031.79 11800 100 0 0
2033.97 11900 100 0 0
2036.17 12000 100 0 0
2039.64 12100 100 0 0
2041.82 12200 100 0 0
2044 12300 100 0 0
2046.18 12400 100 0 0
2048.35 12500 100 0 0
2050.54 12600 100 0 0
2052.78 12700 100 0 0
2055.18 12800 100 0 0
2058.54 12900 100 0 0
2060.7 13000 100 0 0
2062.85 13100 100 0 0
2065.07 13200 100 0 0
2067.2 13300 100 0 0
2069.67 13400 100 0 0
2072.08 -13400 -26800 26800 100
2075.01 -13400 0 0 100
2077.19 -13400 0 0 100
2079.38 -13400 0 0 100
2081.5 -13400 0 0 100
2083.78 -13400 0 0 100
2086.08 -13400 0 0 100
2088.27 -13400 0 0 100
2091.52 -13400 0 0 100
2093.67 -13400 0 0 100
2095.81 -13400 0 0 100
2097.95 -13400 0 0 100
2100.09 -13400 0 0 100
2102.63 -13400 0 0 100
2105.18 -13400 0 0 100
2108.51 -13400 0 0 100
2110.98 -13400 0 0 100
2113.18 -13400 0 0 100
2115.4 13500 26900 26800 0
2118.07 13600 100 0 0
2121.42 13700 100 0 0
2123.66 13800 100 0 0
2125.86 13900 100 0 0
2128.05 14000 100 0 0
2130.22 14100 100 0 0
2132.53 14200 100 0 0
2134.71 14300 100 0 0
2136.84 14400 100 0 0
2140.25 14500 100 0 0
2142.42 14600 100 0 0
2144.59 14700 100 0 0
2146.77 14800 100 0 0
2149.03 14900 100 0 0
2151.22 15000 100 0 0
2155.23 15100 100 0 0
2157.24 -15100 -30200 30200 100
2159.46 -15100 0 0 100
2161.61 -15100 0 0 100
2163.85 -15100 0 0 100
2166.18 -15100 0 0 100
2168.37 -15100 0 0 100
2170.58 -15100 0 0 100
2173.95 -15100 0 0 100
2176.09 -15100 0 0 100
2178.24 -15100 0 0 100
2180.44 -15100 0 0 100
2182.6 -15100 0 0 100
2184.76 -15100 0 0 100
2188.61 -15100 0 0 100
2190.6 -15100 0 0 100
2192.75 -15100 0 0 100
2194.95 -15100 0 0 100
2197.12 15200 30300 30200 0
2199.27 15300 100 0 0
2201.43 15400 100 0 0
2205.26 15500 100 0 0
2207.25 15600 100 0 0
2209.38 15700 100 0 0
2211.91 15800 100 0 0
2214.49 15900 100 0 0
2217.13 16000 100 0 0
2219.82 16100 100 0 0
2222.2 16200 100 0 0
2225.25 16300 100 0 0
2227.47 16400 100 0 0
2229.62 16500 100 0 0
2231.78 16600 100 0 0
2234.01 -16600 -33200 33200 100
2236.21 -16600 0 0 100
2238.45 -16600 0 0 100
2241.77 -16600 0 0 100
2243.93 -16600 0 0 100
2246.07 -16600 0 0 100
2248.22 -16600 0 0 100
2250.37 -16600 0 0 100
2252.61 -16600 0 0 100
2254.8 -16600 0 0 100
2258.56 -16600 0 0 100
2260.85 -16600 0 0 100
2263.17 -16600 0 0 100
2265.48 -16600 0 0 100
2267.95 16700 33300 33200 0
2271.3 16800 100 0 0
2273.53 16900 100 0 0
2275.69 17000 100 0 0
2277.84 17100 100 0 0
2279.99 17200 100 0 0
2282.13 17300 100 0 0
2284.27 17400 100 0 0
2288.06 17500 100 0 0
2290.12 17600 100 0 0
2292.26 17700 100 0 0
2294.41 17800 100 0 0
2296.56 17900 100 0 0
2298.71 18000 100 0 0
2300.85 -18000 -36000 36000 100
2303 -18000 0 0 100
2306.53 -18000 0 0 100
2308.72 -18000 0 0 100
2310.94 -18000 0 0 100
2313.11 -18000 0 0 100
2315.29 -18000 0 0 100
2317.58 -18000 0 0 100
2321.7 -18000 0 0 100
2323.92 -18000 0 0 100
2326.31 -18000 0 0 100
2328.53 -18000 0 0 100
2331.64 -18000 0 0 100
2333.61 18100 36100 36000 0
2335.95 18200 100 0 0
2338.18 18300 100 0 0
2341.86 18400 100 0 0
2344.2 18500 100 0 0
2346.51 18600 100 0 0
2348.83 18700 100 0 0
2351.35 18800 100 0 0
2354.81 18900 100 0 0
2356.95 19000 100 0 0
2359.1 19100 100 0 0
2361.24 19200 100 0 0
2363.38 19300 100 0 0
2365.53 -19300 -38600 38600 100
2367.87 -19300 0 0 100
2370.22 -19300 0 0 100
2374.29 -19300 0 0 100
2376.47 -19300 0 0 100
2378.65 -19300 0 0 100
2380.82 -19300 0 0 100
2383.18 -19300 0 0 100
2385.39 -19300 0 0 100
2387.59 -19300 0 0 100
2390.99 -19300 0 0 100
2393.14 -19300 0 0 100
2395.28 19400 38700 38600 0
2397.43 19500 100 0 0
2399.68 19600 100 0 0
2401.81 19700 100 0 0
2404.2 19800 100 0 0
2407.42 19900 100 0 0
2409.58 20000 100 0 0
2411.72 20100 100 0 0
2414.62 20200 100 0 0
2416.61 20300 100 0 0
2418.79 20400 100 0 0
2421.07 20500 100 0 0
2424.38 -20500 -41000 41000 100
2426.52 -20500 0 0 100
2428.67 -20500 0 0 100
2431.09 -20500 0 0 100
2433.62 -20500 0 0 100
2436.1 -20500 0 0 100
2438.31 -20500 0 0 100
2441.91 -20500 0 0 100
2444.05 -20500 0 0 100
2446.28 -20500 0 0 100
2448.45 -20500 0 0 100
2450.61 20600 41100 41000 0
2452.85 20700 100 0 0
2455.03 20800 100 0 0
2458.33 20900 100 0 0
2460.56 21000 100 0 0
2462.72 21100 100 0 0
2464.88 21200 100 0 0
2467.09 21300 100 0 0
2469.32 21400 100 0 0
2471.61 21500 100 0 0
2474.84 21600 100 0 0
2477.03 -21600 -43200 43200 100
2479.22 -21600 0 0 100
2481.34 -21600 0 0 100
2483.47 -21600 0 0 100
2485.71 -21600 0 0 100
2487.87 -21600 0 0 100
2491.19 -21600 0 0 100
2493.46 -21600 0 0 100
2495.62 -21600 0 0 100
2497.77 -21600 0 0 100
2499.91 -21600 0 0 100
2502.12 21700 43300 43200 0
2504.31 21800 100 0 0
2507.85 21900 100 0 0
2511.71 22000 100 0 0
2514.2 22100 100 0 0
2517.77 22200 100 0 0
2520.47 22300 100 0 0
2523.22 22400 100 0 0
2527.32 22500 100 0 0
2531.16 -22500 -45000 45000 100
2533.43 -22500 0 0 100
2535.84 -22500 0 0 100
2539.5 -22500 0 0 100
2544.2 -22500 0 0 100
2548.4 -22500 0 0 100
2550.71 -22500 0 0 100
2553.38 -22500 0 0 100
2558.13 22600 45100 45000 0
2562.68 22700 100 0 0
2564.56 22800 100 0 0
2568.43 22900 100 0 0
2571.95 23000 100 0 0
2575.68 23100 100 0 0
2578.14 23200 100 0 0
2581.77 -23200 -46400 46400 100
2584.08 -23200 0 0 100
2586.78 -23200 0 0 100
2591.36 -23200 0 0 100
2593.92 -23200 0 0 100
2597.63 -23200 0 0 100
2599.85 -23200 0 0 100
2603.67 -23200 0 0 100
2607.22 23300 46500 46400 0
2609.23 23400 100 0 0
2611.41 23500 100 0 0
2613.57 23600 100 0 0
2615.76 23700 100 0 0
2618.1 23800 100 0 0
2621.89 23900 100 0 0
2623.86 24000 100 0 0
2625.99 24100 100 0 0
2628.21 24200 100 0 0
2630.35 -24200 -48400 48400 100
2632.57 -24200 0 0 100
2635 -24200 0 0 100
2637.57 -24200 0 0 100
2642.01 -24200 0 0 100
2644.72 -24200 0 0 100
2648.79 -24200 0 0 100
2651.1 -24200 0 0 100
2653.61 -24200 0 0 100
2658.23 24300 48500 48400 0
2660.55 24400 100 0 0
2664.53 24500 100 0 0
2668.93 24600 100 0 0
2672.56 24700 100 0 0
2676.31 24800 100 0 0
2678.51 24900 100 0 0
2682.36 -24900 -49800 49800 100
2684.64 -24900 0 0 100
2687.27 -24900 0 0 100
2691.69 -24900 0 0 100
2695.77 -24900 0 0 100
2698.01 -24900 0 0 100
2701.82 -24900 0 0 100
2705.43 25000 49900 49800 0
2708.22 25100 100 0 0
2712.13 25200 100 0 0
2714.31 25300 100 0 0
2716.96 25400 100 0 0
2721.36 25500 100 0 0
2723.8 25600 100 0 0
2727.57 -25600 -51200 51200 100
2729.82 -25600 0 0 100
2732.35 -25600 0 0 100
2736.32 -25600 0 0 100
2739.9 -25600 0 0 100
2742.31 -25600 0 0 100
2745.91 -25600 0 0 100
2748.24 25700 51300 51200 0
2750.88 25800 100 0 0
2753.79 25900 100 0 0
2758.18 26000 100 0 0
2762.12 26100 100 0 0
2764.56 26200 100 0 0
2768.23 26300 100 0 0
2771.5 -26300 -52600 52600 100
2773.97 -26300 0 0 100
2777.69 -26300 0 0 100
2780.23 -26300 0 0 100
2784.3 -26300 0 0 100
2787.25 -26300 0 0 100
2789.8 -26300 0 0 100
2793.61 26400 52700 52600 0
2797.27 26500 100 0 0
2799.66 26600 100 0 0
2802.39 26700 100 0 0
2805.63 26800 100 0 0
2809.48 26900 100 0 0
2812.1 27000 100 0 0
2815.92 -27000 -54000 54000 100
2818.7 -27000 0 0 100
2821.6 -27000 0 0 100
2825.64 -27000 0 0 100
2828.24 -27000 0 0 100
2831.05 -27000 0 0 100
2834.54 -27000 0 0 100
2836.85 27100 54100 54000 0
2839.05 27200 100 0 0
2842.28 27300 100 0 0
2844.64 27400 100 0 0
2846.95 27500 100 0 0
2849.15 27600 100 0 0
2851.51 27700 100 0 0
2853.62 27800 100 0 0
2857.05 27900 100 0 0
2859.22 -27900 -55800 55800 100
2861.4 -27800 100 0 0
2863.57 -27700 100 0 0
2865.78 -27600 100 0 0
2868.62 -27500 100 0 0
2871.48 -27400 100 0 0
2875.19 -27300 100 0 0
2878.54 -27200 100 0 0
2880.67 -27100 100 0 0
2883.35 27200 54300 54200 0
2887.26 27300 100 0 0
2889.46 27400 100 0 0
2891.7 27500 100 0 0
2893.96 27600 100 0 0
2896.31 27700 100 0 0
2898.86 27800 100 0 0
2901.29 27900 100 0 0
2904.52 28000 100 0 0
2907.57 -28000 -56000 56000 100
2909.55 -28000 0 0 100
2911.73 -28000 0 0 100
2914.02 -28000 0 0 100
2916.17 -28000 0 0 100
2918.34 -28000 0 0 100
2920.45 -28000 0 0 100
2923.87 -28000 0 0 100
2926.04 -28000 0 0 100
2928.21 28100 56100 56000 0
2930.68 28200 100 0 0
2933.96 28300 100 0 0
2936.29 28400 100 0 0
2938.73 28500 100 0 0
2941.85 28600 100 0 0
2943.99 28700 100 0 0
2946.2 28800 100 0 0
2948.43 -28800 -57600 57600 100
2950.61 -28800 0 0 100
2952.8 -28800 0 0 100
2954.94 -28800 0 0 100
2958.25 -28800 0 0 100
2960.48 -28800 0 0 100
2962.65 -28800 0 0 100
2964.81 -28800 0 0 100
2966.93 -28800 0 0 100
2969.2 28900 57700 57600 0
2971.36 29000 100 0 0
2974.69 29100 100 0 0
2976.98 29200 100 0 0
2979.28 29300 100 0 0
2982.53 29400 100 0 0
2984.61 29500 100 0 0
2986.82 29600 100 0 0
2990.38 -29600 -59200 59200 100
2992.6 -29600 0 0 100
2994.76 -29600 0 0 100
2996.94 -29600 0 0 100
2999.21 -29600 0 0 100
3001.39 -29600 0 0 100
3003.51 -29600 0 0 100
3006.97 -29600 0 0 100
3009.41 29700 59300 59200 0
3011.59 29800 100 0 0
3013.77 29900 100 0 0
3015.94 30000 100 0 0
3018.14 30100 100 0 0
3020.25 30200 100 0 0
3023.91 30300 100 0 0
3027.8 30400 100 0 0
3030.93 -30400 -60800 60800 100
3033.49 -30400 0 0 100
3035.67 -30400 0 0 100
3037.83 -30400 0 0 100
3041.4 -30400 0 0 100
3043.53 -30400 0 0 100
3045.68 -30400 0 0 100
3047.81 -30400 0 0 100
3049.96 30500 60900 60800 0
3052.57 30600 100 0 0
3055.14 30700 100 0 0
3058.32 30800 100 0 0
3060.48 30900 100 0 0
3062.65 31000 100 0 0
3064.83 31100 100 0 0
3066.99 31200 100 0 0
3069.25 -31200 -62400 62400 100
3071.52 -31200 0 0 100
3074.85 -31200 0 0 100
3077.03 -31200 0 0 100
3079.19 -31200 0 0 100
3081.37 -31200 0 0 100
3083.53 -31200 0 0 100
3086.2 -31200 0 0 100
3088.64 31300 62500 62400 0
3092.14 31400 100 0 0
3094.54 31500 100 0 0
3097.13 31600 100 0 0
3099.49 31700 100 0 0
3101.74 31800 100 0 0
3104 31900 100 0 0
3107.33 -31900 -63800 63800 100
3109.49 -31900 0 0 100
3111.66 -31900 0 0 100
3113.88 -31900 0 0 100
3116.07 -31900 0 0 100
3118.33 -31900 0 0 100
3120.43 -31900 0 0 100
3123.81 32000 63900 63800 0
3125.97 32100 100 0 0
3128.16 32200 100 0 0
3131.45 32300 100 0 0
3133.74 32400 100 0 0
3136.75 32500 100 0 0
3139.72 -32500 -65000 65000 100
3144.92 -32500 0 0 100
3147.45 -32500 0 0 100
3149.76 -32500 0 0 100
3152.04 -32500 0 0 100
3154.34 -32500 0 0 100
3158.07 32600 65100 65000 0
3160.27 32700 100 0 0
3162.42 32800 100 0 0
3164.69 32900 100 0 0
3166.84 33000 100 0 0
3169.38 33100 100 0 0
3171.82 33200 100 0 0
3174.8 -33200 -66400 66400 100
3176.99 -33200 0 0 100
3179.34 -33200 0 0 100
3181.53 -33200 0 0 100
3183.68 -33200 0 0 100
3186.2 -33200 0 0 100
3188.81 -33200 0 0 100
3191.7 33300 66500 66400 0
3193.86 33400 100 0 0
3196.26 33500 100 0 0
3198.7 33600 100 0 0
3200.97 33700 100 0 0
3203.41 33800 100 0 0
3207.21 33900 100 0 0
3209.65 -33900 -67800 67800 100
3212.15 -33900 0 0 100
3214.5 -33900 0 0 100
3216.83 -33900 0 0 100
3219.3 -33900 0 0 100
3221.43 -33900 0 0 100
3224.75 -33900 0 0 100
3227 34000 67900 67800 0
3229.22 34100 100 0 0
3231.38 34200 100 0 0
3233.52 34300 100 0 0
3236.08 34400 100 0 0
3240.23 34500 100 0 0
3242.26 -34500 -69000 69000 100
3244.43 -34500 0 0 100
3246.61 -34500 0 0 100
3249.32 -34500 0 0 100
3251.36 -34500 0 0 100
3253.77 -34500 0 0 100
3255.96 -34500 0 0 100
3260.09 34600 69100 69000 0
3262.14 34700 100 0 0
3264.4 34800 100 0 0
3266.57 34900 100 0 0
3269.55 35000 100 0 0
3271.7 35100 100 0 0
3274.83 35200 100 0 0
3276.97 -35200 -70400 70400 100
3279.68 -35100 100 0 0
3281.76 -35000 100 0 0
3283.9 -34900 100 0 0
3286.14 -34800 100 0 0
3289.12 -34700 100 0 0
3292.05 -34600 100 0 0
3294.21 -34500 100 0 0
3296.38 34600 69100 69000 0
3299.23 34700 100 0 0
3301.24 34800 100 0 0
3303.41 34900 100 0 0
3307.28 35000 100 0 0
3310.27 35100 100 0 0
3312.47 35200 100 0 0
3314.76 -35200 -70400 70400 100
3317.13 -35200 0 0 100
3320.29 -35200 0 0 100
3322.49 -35200 0 0 100
3325.41 -35200 0 0 100
3327.55 -35200 0 0 100
3330.37 -35200 0 0 100
3332.61 35300 70500 70400 0
3335.14 35400 100 0 0
3338.61 35500 100 0 0
3341.22 35600 100 0 0
3343.25 35700 100 0 0
3345.38 35800 100 0 0
3347.51 35900 100 0 0
3350.16 -35900 -71800 71800 100
3352.83 -35900 0 0 100
3355.07 -35900 0 0 100
3358.94 -35900 0 0 100
3361.59 -35900 0 0 100
3363.6 -35900 0 0 100
3365.74 -35900 0 0 100
3367.93 36000 71900 71800 0
3370.76 36100 100 0 0
3373.76 36200 100 0 0
3375.9 36300 100 0 0
3378.06 36400 100 0 0
3380.78 36500 100 0 0
3382.86 36600 100 0 0
3385.04 -36600 -73200 73200 100
3387.16 -36600 0 0 100
3391.25 -36600 0 0 100
3393.28 -36600 0 0 100
3395.43 -36600 0 0 100
3397.67 -36600 0 0 100
3400.35 36700 73300 73200 0
3402.72 36800 100 0 0
3405.34 36900 100 0 0
3408.22 37000 100 0 0
3410.89 37100 100 0 0
3412.91 37200 100 0 0
3415.3 -37200 -74400 74400 100
3418.51 -37200 0 0 100
3422.36 -37200 0 0 100
3424.6 -37200 0 0 100
3427.62 -37200 0 0 100
3430.29 -37200 0 0 100
3432.35 37300 74500 74400 0
3434.59 37400 100 0 0
3436.76 37500 100 0 0
3440.78 37600 100 0 0
3442.81 37700 100 0 0
3445.04 37800 100 0 0
3447.22 -37800 -75600 75600 100
3449.48 -37800 0 0 100
3451.66 -37800 0 0 100
3454.54 -37800 0 0 100
3456.73 -37800 0 0 100
3459.51 -37800 0 0 100
3462.14 37900 75700 75600 0
3465.86 38000 100 0 0
3467.83 38100 100 0 0
3471.56 38200 100 0 0
3474.45 38300 100 0 0
3479.18 -38300 -76600 76600 100
3482 -38300 0 0 100
3484.36 -38300 0 0 100
3486.75 -38300 0 0 100
3490.52 38400 76700 76600 0
3492.95 38500 100 0 0
3495.26 38600 100 0 0
3498.61 38700 100 0 0
3500.67 -38700 -77400 77400 100
3503.29 -38700 0 0 100
3505.89 -38700 0 0 100
3509.4 -38700 0 0 100
3511.79 -38700 0 0 100
3514.17 38800 77500 77400 0
3516.53 38900 100 0 0
3519.23 39000 100 0 0
3521.72 39100 100 0 0
3525.55 39200 100 0 0
3528.39 -39200 -78400 78400 100
3531.18 -39200 0 0 100
3533.73 -39200 0 0 100
3536.34 -39200 0 0 100
3538.99 -39200 0 0 100
3542.55 39300 78500 78400 0
3544.79 39400 100 0 0
3547.12 39500 100 0 0
3549.35 39600 100 0 0
3551.54 39700 100 0 0
3553.66 -39700 -79400 79400 100
3557.37 -39700 0 0 100
3559.57 -39700 0 0 100
3561.73 -39700 0 0 100
3563.9 -39700 0 0 100
3566.07 -39700 0 0 100
3568.24 39800 79500 79400 0
3570.42 39900 100 0 0
3573.85 40000 100 0 0
3576 40100 100 0 0
3578.18 40200 100 0 0
3580.33 40300 100 0 0
3582.51 -40300 -80600 80600 100
3584.67 -40300 0 0 100
3588.99 -40300 0 0 100
3591.24 -40300 0 0 100
3593.58 -40300 0 0 100
3595.81 40400 80700 80600 0
3598.96 40500 100 0 0
3601.21 40600 100 0 0
3603.82 40700 100 0 0
3607.12 40800 100 0 0
3609.44 -40800 -81600 81600 100
3611.82 -40800 0 0 100
3614.16 -40800 0 0 100
3616.63 -40800 0 0 100
3620.47 -40800 0 0 100
3622.75 40900 81700 81600 0
3625.01 41000 100 0 0
3627.25 41100 100 0 0
3630.44 41200 100 0 0
3633.17 41300 100 0 0
3637.43 41400 100 0 0
3642.37 -41400 -82800 82800 100
3645.9 -41400 0 0 100
3649.49 -41400 0 0 100
3652.18 -41400 0 0 100
3654.72 -41400 0 0 100
3658.5 41500 82900 82800 0
3661.4 41600 100 0 0
3663.71 41700 100 0 0
3666.21 41800 100 0 0
3668.68 41900 100 0 0
3671.57 -41900 -83800 83800 100
3674.81 -41900 0 0 100
3676.97 -41900 0 0 100
3679.21 -41900 0 0 100
3681.48 -41900 0 0 100
3683.61 42000 83900 83800 0
3686.22 42100 100 0 0
3688.31 42200 100 0 0
3691.61 42300 100 0 0
3693.79 42400 100 0 0
3696.1 -42400 -84800 84800 100
3698.35 -42400 0 0 100
3700.53 -42400 0 0 100
3703.05 -42400 0 0 100
3705.31 -42400 0 0 100
3708.46 42500 84900 84800 0
3710.8 42600 100 0 0
3714.16 42700 100 0 0
3716.28 42800 100 0 0
3718.69 42900 100 0 0
3721.37 -42900 -85800 85800 100
3724.92 -42900 0 0 100
3727.22 -42900 0 0 100
3729.46 -42900 0 0 100
3732.42 -42900 0 0 100
3734.65 43000 85900 85800 0
3737.14 43100 100 0 0
3740.39 43200 100 0 0
3744.59 43300 100 0 0
3746.89 -43300 -86600 86600 100
3749.46 -43300 0 0 100
3753.53 -43300 0 0 100
3756 -43300 0 0 100
3759.23 43400 86700 86600 0
3762.07 43500 100 0 0
3764.2 43600 100 0 0
3766.34 43700 100 0 0
3768.51 43800 100 0 0
3770.64 -43800 -87600 87600 100
3774.7 -43800 0 0 100
3776.72 -43800 0 0 100
3778.89 -43800 0 0 100
3781.19 -43800 0 0 100
3783.83 -43800 0 0 100
3786.2 43900 87700 87600 0
3790.7 44000 100 0 0
3792.97 44100 100 0 0
3795 44200 100 0 0
3797.14 44300 100 0 0
3799.28 -44300 -88600 88600 100
3801.41 -44300 0 0 100
3804.36 -44300 0 0 100
3807.34 -44300 0 0 100
3809.51 -44300 0 0 100
3812.44 44400 88700 88600 0
3814.48 44500 100 0 0
3816.73 44600 100 0 0
3818.91 44700 100 0 0
3824.27 44800 100 0 0
3828.29 -44800 -89600 89600 100
3830.45 -44800 0 0 100
3833.25 -44800 0 0 100
3835.38 -44800 0 0 100
3837.98 -44800 0 0 100
3841.75 44900 89700 89600 0
3844.48 45000 100 0 0
3846.51 45100 100 0 0
3848.65 45200 100 0 0
3851 45300 100 0 0
3855.82 -45300 -90600 90600 100
3859.86 -45300 0 0 100
3863.15 -45300 0 0 100
3865.59 45400 90700 90600 0
3868.23 45500 100 0 0
3871.18 45600 100 0 0
3874.69 45700 100 0 0
3877.88 -45700 -91400 91400 100
3880.27 -45700 0 0 100
3883.61 -45700 0 0 100
3885.91 -45700 0 0 100
3888.22 -45700 0 0 100
3893.76 45800 91500 91400 0
3895.86 45900 100 0 0
3899.73 46000 100 0 0
3901.81 46100 100 0 0
3904.92 -46100 -92200 92200 100
3908.96 -46100 0 0 100
3913.08 -46100 0 0 100
3915.04 -46100 0 0 100
3917.24 46200 92300 92200 0
3921.15 46300 100 0 0
3924.57 46400 100 0 0
3926.61 46500 100 0 0
3928.84 46600 100 0 0
3932.8 -46600 -93200 93200 100
3935.53 -46600 0 0 100
3939.36 -46600 0 0 100
3941.83 -46600 0 0 100
3944.62 46700 93300 93200 0
3947.12 46800 100 0 0
3949.58 46900 100 0 0
3952.03 47000 100 0 0
3954.51 47100 100 0 0
3958 -47100 -94200 94200 100
3960.48 -47100 0 0 100
3963.79 -47100 0 0 100
3966.15 -47100 0 0 100
3968.52 -47100 0 0 100
3970.82 47200 94300 94200 0
3975.92 47300 100 0 0
3977.93 47400 100 0 0
3980.08 47500 100 0 0
3982.3 47600 100 0 0
3985.38 -47600 -95200 95200 100
3987.67 -47600 0 0 100
3989.85 -47600 0 0 100
3993.28 -47600 0 0 100
3995.58 -47600 0 0 100
3997.89 47700 95300 95200 0
4000.29 47800 100 0 0
4002.78 47900 100 0 0
4004.97 48000 100 0 0
4008.65 48100 100 0 0
4010.8 -48100 -96200 96200 100
4013.15 -48100 0 0 100
4015.29 -48100 0 0 100
4017.46 -48100 0 0 100
4019.78 -48100 0 0 100
4021.96 -48100 0 0 100
4025.77 48200 96300 96200 0
4027.93 48300 100 0 0
4030.1 48400 100 0 0
4032.26 48500 100 0 0
4034.51 48600 100 0 0
4037.86 -48600 -97200 97200 100
4042.21 -48600 0 0 100
4044.01 -48600 0 0 100
4046.16 -48600 0 0 100
4048.29 48700 97300 97200 0
4050.45 48800 100 0 0
4052.97 48900 100 0 0
4055.35 49000 100 0 0
4058.88 49100 100 0 0
4061.03 -49100 -98200 98200 100
4063.42 -49100 0 0 100
4065.53 -49100 0 0 100
4067.65 -49100 0 0 100
4070.26 -49100 0 0 100
4072.77 49200 98300 98200 0
4076.84 49300 100 0 0
4079.02 49400 100 0 0
4082.11 49500 100 0 0
4084.08 -49500 -99000 99000 100
4087.12 -49400 100 0 0
4089.49 -49300 100 0 0
4092.86 -49200 100 0 0
4095.1 -49100 100 0 0
4097.27 49200 98300 98200 0
4099.43 49300 100 0 0
4101.68 49400 100 0 0
4104.33 49500 100 0 0
4107.88 49600 100 0 0
4110.03 -49600 -99200 99200 100
4112.21 -49500 100 0 0
4114.37 -49400 100 0 0
4116.7 -49300 100 0 0
4118.88 -49200 100 0 0
4121.07 -49100 100 0 0
4124.93 49200 98300 98200 0
4127.09 49300 100 0 0
4129.26 49400 100 0 0
4131.42 49500 100 0 0
4133.95 49600 100 0 0
4136.22 -49600 -99200 99200 100
4138.46 -49600 0 0 100
4142.2 -49600 0 0 100
4144.41 -49600 0 0 100
4146.66 -49600 0 0 100
4148.9 49700 99300 99200 0
4151.03 49800 100 0 0
4154.58 49900 100 0 0
4160.11 50000 100 0 0
4162.34 -50000 -100000 100000 100
4164.64 -49900 100 0 0
4166.81 -49800 100 0 0
4169 -49700 100 0 0
4171.17 -49600 100 0 0
4175.11 49700 99300 99200 0
4177.25 49800 100 0 0
4179.87 49900 100 0 0
4182.05 -49900 -99800 99800 100
4184.54 -49900 0 0 100
4188.18 -49900 0 0 100
4191.65 -49900 0 0 100
4193.75 50000 99900 99800 0
4195.96 50100 100 0 0
4198.09 50200 100 0 0
4200.24 50300 100 0 0
4202.44 50400 100 0 0
4204.72 50500 100 0 0
4208.12 -50500 -101000 101000 100
4210.35 -50500 0 0 100
4212.54 -50500 0 0 100
4214.98 -50500 0 0 100
4217.35 -50500 0 0 100
4219.75 50600 101100 101000 0
4221.92 50700 100 0 0
4225.31 50800 100 0 0
4227.83 50900 100 0 0
4230.16 51000 100 0 0
4232.46 -51000 -102000 102000 100
4234.79 -51000 0 0 100
4236.91 -51000 0 0 100
4240.32 -51000 0 0 100
4242.59 -51000 0 0 100
4245 51100 102100 102000 0
4247.18 51200 100 0 0
4249.35 51300 100 0 0
4251.51 51400 100 0 0
4253.62 51500 100 0 0
4257.36 -51500 -103000 103000 100
4259.54 -51500 0 0 100
4261.71 -51500 0 0 100
4263.88 -51500 0 0 100
4266.21 51600 103100 103000 0
4268.46 51700 100 0 0
4270.58 51800 100 0 0
4273.97 51900 100 0 0
4276.21 -51900 -103800 103800 100
4278.38 -51900 0 0 100
4280.55 -51900 0 0 100
4282.73 -51900 0 0 100
4284.93 -51900 0 0 100
4287.94 52000 103900 103800 0
4292.16 52100 100 0 0
4294.47 52200 100 0 0
4297.37 52300 100 0 0
4299.5 -52300 -104600 104600 100
4301.68 -52300 0 0 100
4304.59 -52300 0 0 100
4307.49 -52300 0 0 100
4309.82 52400 104700 104600 0
4311.98 52500 100 0 0
4314.14 52600 100 0 0
4316.69 52700 100 0 0
4319.34 -52700 -105400 105400 100
4321.95 -52700 0 0 100
4324.15 -52700 0 0 100
4331.42 52800 105500 105400 0
4333.22 -52800 -105600 105600 100
4335.64 -52800 0 0 100
4338.72 -52800 0 0 100
4342.05 -52800 0 0 100
4344.2 52900 105700 105600 0
4346.96 53000 100 0 0
4348.99 53100 100 0 0
4351.21 53200 100 0 0
4356.19 53300 100 0 0
4358.18 -53300 -106600 106600 100
4360.3 53300 106600 106600 100
4362.44 -53300 -106600 106600 100
4364.59 53300 106600 106600 100
4367.51 -53300 -106600 106600 100
4370.22 -53200 100 0 0
4372.74 -53100 100 0 0
4376.64 -53000 100 0 0
4378.77 -52900 100 0 0
4380.91 53000 105900 105800 0
4383.15 53100 100 0 0
4386.21 53200 100 0 0
4389.39 53300 100 0 0
4391.57 -53300 -106600 106600 100
4399.85 -53300 0 0 100
4402.18 53400 106700 106600 0
4404.75 53500 100 0 0
4409.29 53600 100 0 0
4411.28 -53600 -107200 107200 100
4413.56 -53600 0 0 100
4416.2 -53600 0 0 100
4418.58 -53600 0 0 100
4422.6 53700 107300 107200 0
4425.2 53800 100 0 0
4428.42 53900 100 0 0
4430.66 54000 100 0 0
4432.96 -54000 -108000 108000 100
4435.54 -53900 100 0 0
4438.2 -53800 100 0 0
4442.08 -53700 100 0 0
4444.45 53800 107500 107400 0
4447.55 53900 100 0 0
4449.8 54000 100 0 0
4452.4 54100 100 0 0
4456.92 -54100 -108200 108200 100
4459.02 -54100 0 0 100
4461.38 -54100 0 0 100
4464.64 -54100 0 0 100
4467.44 54200 108300 108200 0
4469.76 54300 100 0 0
4472.13 54400 100 0 0
4476.34 54500 100 0 0
4478.69 -54500 -109000 109000 100
4482.16 -54500 0 0 100
4484.25 -54500 0 0 100
4488.21 54600 109100 109000 0
4491.62 54700 100 0 0
4493.79 -54700 -109400 109400 100
4497.07 -54700 0 0 100
4499.33 -54700 0 0 100
4502.12 -54700 0 0 100
4504.75 54800 109500 109400 0
4507.21 54900 100 0 0
4510.89 55000 100 0 0
4513.43 55100 100 0 0
4516.1 -55100 -110200 110200 100
4518.77 -55100 0 0 100
4521.54 -55100 0 0 100
4524.14 -55100 0 0 100
4531.19 55200 110300 110200 0
4533.32 55300 100 0 0
4535.78 -55300 -110600 110600 100
4538.67 -55300 0 0 100
4542.8 -55300 0 0 100
4545.08 55400 110700 110600 0
4548.33 55500 100 0 0
4550.49 55600 100 0 0
4552.92 55700 100 0 0
4555.36 -55700 -111400 111400 100
4560.86 -55700 0 0 100
4562.9 -55700 0 0 100
4565.6 55800 111500 111400 0
4568.1 55900 100 0 0
4571.76 56000 100 0 0
4574.14 56100 100 0 0
4576.71 -56100 -112200 112200 100
4579.04 -56100 0 0 100
4581.38 -56100 0 0 100
4583.72 -56100 0 0 100
4587.8 56200 112300 112200 0
4590.09 56300 100 0 0
4592.44 56400 100 0 0
4594.73 -56400 -112800 112800 100
4597.59 -56400 0 0 100
4601.43 -56400 0 0 100
4604.14 56500 112900 112800 0
4606.95 56600 100 0 0
4610.07 56700 100 0 0
4612.23 -56700 -113400 113400 100
4614.4 -56700 0 0 100
4616.8 -56700 0 0 100
4619.09 -56700 0 0 100
4621.64 56800 113500 113400 0
4625.35 56900 100 0 0
4627.86 57000 100 0 0
4630.18 -57000 -114000 114000 100
4632.65 -57000 0 0 100
4635.08 -57000 0 0 100
4637.49 -57000 0 0 100
4641.22 57100 114100 114000 0
4643.66 57200 100 0 0
4646.28 57300 100 0 0
4648.84 57400 100 0 0
4651.18 -57400 -114800 114800 100
4653.53 -57300 100 0 0
4657.37 -57200 100 0 0
4659.64 -57100 100 0 0
4661.87 57200 114300 114200 0
4664.17 57300 100 0 0
4666.35 57400 100 0 0
4668.52 57500 100 0 0
4671.47 -57500 -115000 115000 100
4674.57 -57500 0 0 100
4676.64 -57500 0 0 100
4678.85 -57500 0 0 100
4681.05 57600 115100 115000 0
4683.23 57700 100 0 0
4685.4 57800 100 0 0
4687.58 57900 100 0 0
4690.99 58000 100 0 0
4693.15 -58000 -116000 116000 100
4695.36 -57900 100 0 0
4697.49 -57800 100 0 0
4699.62 -57700 100 0 0
4701.77 -57600 100 0 0
4704.7 57700 115300 115200 0
4707.8 57800 100 0 0
4709.78 57900 100 0 0
4711.96 58000 100 0 0
4714.09 -58000 -116000 116000 100
4716.21 -58000 0 0 100
4718.36 -58000 0 0 100
4720.46 -58000 0 0 100
4723.84 58100 116100 116000 0
4726.36 58200 100 0 0
4728.58 58300 100 0 0
4730.82 -58300 -116600 116600 100
4733.94 -58300 0 0 100
4736 -58300 0 0 100
4738.15 -58300 0 0 100
4741.6 58400 116700 116600 0
4743.74 58500 100 0 0
4745.86 58600 100 0 0
4747.98 58700 100 0 0
4750.11 -58700 -117400 117400 100
4752.4 -58700 0 0 100
4754.6 -58700 0 0 100
4758.36 -58700 0 0 100
4760.55 58800 117500 117400 0
4762.69 58900 100 0 0
4764.82 59000 100 0 0
4766.94 59100 100 0 0
4770.87 59200 100 0 0
4773.48 -59200 -118400 118400 100
4775.95 -59100 100 0 0
4778.33 -59000 100 0 0
4780.64 -58900 100 0 0
4782.94 -58800 100 0 0
4785.37 58900 117700 117600 0
4788.83 59000 100 0 0
4790.97 59100 100 0 0
4793.1 59200 100 0 0
4795.25 -59200 -118400 118400 100
4797.39 -59200 0 0 100
4799.51 -59200 0 0 100
4801.68 -59200 0 0 100
4803.98 -59200 0 0 100
4807.39 59300 118500 118400 0
4809.54 59400 100 0 0
4811.72 59500 100 0 0
4813.89 59600 100 0 0
4816.06 -59600 -119200 119200 100
4818.25 -59600 0 0 100
4822.42 -59600 0 0 100
4824.4 -59600 0 0 100
4826.54 59700 119300 119200 0
4828.8 59800 100 0 0
4830.96 59900 100 0 0
4833.13 60000 100 0 0
4835.7 60100 100 0 0
4838.08 -60100 -120200 120200 100
4841.58 -60100 0 0 100
4843.94 -60100 0 0 100
4846.19 -60100 0 0 100
4848.4 60200 120300 120200 0
4850.78 60300 100 0 0
4853.28 60400 100 0 0
4855.44 60500 100 0 0
4859.16 -60500 -121000 121000 100
4861.53 -60500 0 0 100
4864.32 -60500 0 0 100
4867.57 60600 121100 121000 0
4871.01 60700 100 0 0
4874.04 60800 100 0 0
4877.34 -60800 -121600 121600 100
4879.66 -60800 0 0 100
4882.17 -60800 0 0 100
4884.89 -60800 0 0 100
4888.82 60900 121700 121600 0
4890.85 61000 100 0 0
4893 61100 100 0 0
4895.12 61200 100 0 0
4897.27 -61200 -122400 122400 100
4899.56 -61200 0 0 100
4901.72 -61200 0 0 100
4903.81 -61200 0 0 100
4907.21 61300 122500 122400 0
4909.43 61400 100 0 0
4911.59 61500 100 0 0
4913.86 -61500 -123000 123000 100
4916.03 -61500 0 0 100
4918.39 -61500 0 0 100
5143.09 61600 123100 123000 0
