0.01 0.1 0.1 0 0 0.05 499.9
0.02 0.2 0.1 0 0 0.2 499.7
0.03 0.3 0.1 0 0 0.45 499.4
0.04 0.4 0.1 0 0 0.8 499
0.05 0.5 0.1 0 0 1.25 498.5
0.06 0.6 0.1 0 0 1.8 497.9
0.07 0.7 0.1 0 0 2.45 497.2
0.08 0.8 0.1 0 0 3.2 496.4
0.09 0.9 0.1 0 0 4.05 495.5
0.1 1 0.1 0 0 5 494.5
0.11 1.1 0.1 0 0 6.05 493.4
0.12 1.2 0.1 0 0 7.2 492.2
0.13 1.3 0.1 0 0 8.45 490.9
0.14 1.4 0.1 0 0 9.8 489.5
0.15 1.5 0.1 0 0 11.25 488
0.16 1.6 0.1 0 0 12.8 486.4
0.17 1.7 0.1 0 0 14.45 484.7
0.18 1.8 0.1 0 0 16.2 482.9
0.19 1.9 0.1 0 0 18.05 481
0.2 2 0.1 0 0 20 479
0.21 2.1 0.1 0 0 22.05 476.9
0.22 2.2 0.1 0 0 24.2 474.7
0.23 2.3 0.1 0 0 26.45 472.4
0.24 2.4 0.1 0 0 28.8 470
0.25 2.5 0.1 0 0 31.25 467.5
0.26 2.6 0.1 0 0 33.8 464.9
0.27 2.7 0.1 0 0 36.45 462.2
0.28 2.8 0.1 0 0 39.2 459.4
0.29 2.9 0.1 0 0 42.05 456.5
0.3 3 0.1 0 0 45 453.5
0.31 3.1 0.1 0 0 48.05 450.4
0.32 3.2 0.1 0 0 51.2 447.2
0.33 3.3 0.1 0 0 54.45 443.9
0.34 3.4 0.1 0 0 57.8 440.5
0.35 3.5 0.1 0 0 61.25 437
0.36 3.6 0.1 0 0 64.8 433.4
0.37 3.7 0.1 0 0 68.45 429.7
0.38 3.8 0.1 0 0 72.2 425.9
0.39 3.9 0.1 0 0 76.05 422
0.4 4 0.1 0 0 80 418
0.41 4.1 0.1 0 0 84.05 413.9
0.42 4.2 0.1 0 0 88.2 409.7
0.43 4.3 0.1 0 0 92.45 405.4
0.44 4.4 0.1 0 0 96.8 401
0.45 4.5 0.1 0 0 101.25 396.5
0.46 4.6 0.1 0 0 105.8 391.9
0.47 4.7 0.1 0 0 110.45 387.2
0.48 4.8 0.1 0 0 115.2 382.4
0.49 4.9 0.1 0 0 120.05 377.5
0.5 5 0.1 0 0 125 372.5
0.51 5.1 0.1 0 0 130.05 367.4
0.52 5.2 0.1 0 0 135.2 362.2
0.53 5.3 0.1 0 0 140.45 356.9
0.54 5.4 0.1 0 0 145.8 351.5
0.55 5.5 0.1 0 0 151.25 346
0.56 5.6 0.1 0 0 156.8 340.4
0.57 5.7 0.1 0 0 162.45 334.7
0.58 5.8 0.1 0 0 168.2 328.9
0.59 5.9 0.1 0 0 174.05 323
0.6 6 0.1 0 0 180 317
0.61 6.1 0.1 0 0 186.05 310.9
0.62 6.2 0.1 0 0 192.2 304.7
0.63 6.3 0.1 0 0 198.45 298.4
0.64 6.4 0.1 0 0 204.8 292
0.65 6.5 0.1 0 0 211.25 285.5
0.66 6.6 0.1 0 0 217.8 278.9
0.67 6.7 0.1 0 0 224.45 272.2
0.68 6.8 0.1 0 0 231.2 265.4
0.69 6.9 0.1 0 0 238.05 258.5
0.7 7 0.1 0 0 245 251.5
0.71 7.1 0.1 0 0 252.05 244.4
0.72 7.2 0.1 0 0 259.2 237.2
0.73 7.3 0.1 0 0 266.45 229.9
0.74 7.4 0.1 0 0 273.8 222.5
0.75 7.5 0.1 0 0 281.25 215
0.76 7.6 0.1 0 0 288.8 207.4
0.77 7.7 0.1 0 0 296.45 199.7
0.78 7.8 0.1 0 0 304.2 191.9
0.79 7.9 0.1 0 0 312.05 184
0.8 8 0.1 0 0 320 176
0.81 8.1 0.1 0 0 328.05 167.9
0.82 8.2 0.1 0 0 336.2 159.7
0.83 8.3 0.1 0 0 344.45 151.4
0.84 8.4 0.1 0 0 352.8 143
0.85 8.5 0.1 0 0 361.25 134.5
0.86 8.6 0.1 0 0 369.8 125.9
0.87 8.7 0.1 0 0 378.45 117.2
0.88 8.8 0.1 0 0 387.2 108.4
0.89 8.9 0.1 0 0 396.05 99.5
0.9 9 0.1 0 0 405 90.5
0.91 9.1 0.1 0 0 414.05 81.4
0.92 9.2 0.1 0 0 423.2 72.2
0.93 9.3 0.1 0 0 432.45 62.9
0.94 9.4 0.1 0 0 441.8 53.5
0.95 9.5 0.1 0 0 451.25 44
0.96 9.6 0.1 0 0 460.8 34.4
0.97 9.7 0.1 0 0 470.45 24.7
0.98 9.8 0.1 0 0 480.2 14.9
0.99 8.825 18.625 186.2 -105 389.403 23.725
1 8.725 0.1 0 0 380.628 32.45
1.01 8.625 0.1 0 0 371.953 41.075
1.02 8.525 0.1 0 0 363.378 49.6
1.03 8.425 0.1 0 0 354.903 58.025
1.04 8.325 0.1 0 0 346.528 66.35
1.05 8.225 0.1 0 0 338.253 74.575
1.06 8.125 0.1 0 0 330.078 82.7
1.07 8.025 0.1 0 0 322.003 90.725
1.08 7.925 0.1 0 0 314.028 98.65
1.09 7.825 0.1 0 0 306.153 106.475
1.1 7.725 0.1 0 0 298.378 114.2
1.11 7.625 0.1 0 0 290.703 121.825
1.12 7.525 0.1 0 0 283.128 129.35
1.13 7.425 0.1 0 0 275.653 136.775
1.14 7.325 0.1 0 0 268.278 144.1
1.15 7.225 0.1 0 0 261.003 151.325
1.16 7.125 0.1 0 0 253.828 158.45
1.17 7.025 0.1 0 0 246.753 165.475
1.18 6.925 0.1 0 0 239.778 172.4
1.19 6.825 0.1 0 0 232.903 179.225
1.2 6.725 0.1 0 0 226.128 185.95
1.21 6.625 0.1 0 0 219.453 192.575
1.22 6.525 0.1 0 0 212.878 199.1
1.23 6.425 0.1 0 0 206.403 205.525
1.24 6.325 0.1 0 0 200.028 211.85
1.25 6.225 0.1 0 0 193.753 218.075
1.26 6.125 0.1 0 0 187.578 224.2
1.27 6.025 0.1 0 0 181.503 230.225
1.28 5.925 0.1 0 0 175.528 236.15
1.29 5.825 0.1 0 0 169.653 241.975
1.3 5.725 0.1 0 0 163.878 247.7
1.31 5.625 0.1 0 0 158.203 253.325
1.32 5.525 0.1 0 0 152.628 258.85
1.33 5.425 0.1 0 0 147.153 264.275
1.34 5.325 0.1 0 0 141.778 269.6
1.35 5.225 0.1 0 0 136.503 274.825
1.36 5.125 0.1 0 0 131.328 279.95
1.37 5.025 0.1 0 0 126.253 284.975
1.38 4.925 0.1 0 0 121.278 289.9
1.39 4.825 0.1 0 0 116.403 294.725
1.4 4.725 0.1 0 0 111.628 299.45
1.41 4.625 0.1 0 0 106.953 304.075
1.42 4.525 0.1 0 0 102.378 308.6
1.43 4.425 0.1 0 0 97.9031 313.025
1.44 4.325 0.1 0 0 93.5281 317.35
1.45 4.225 0.1 0 0 89.2531 321.575
1.46 4.125 0.1 0 0 85.0781 325.7
1.47 4.025 0.1 0 0 81.0031 329.725
1.48 3.925 0.1 0 0 77.0281 333.65
1.49 3.825 0.1 0 0 73.1531 337.475
1.5 3.725 0.1 0 0 69.3781 341.2
1.51 3.625 0.1 0 0 65.7031 344.825
1.52 3.525 0.1 0 0 62.1281 348.35
1.53 3.425 0.1 0 0 58.6531 351.775
1.54 3.325 0.1 0 0 55.2781 355.1
1.55 3.225 0.1 0 0 52.0031 358.325
1.56 3.125 0.1 0 0 48.8281 361.45
1.57 3.025 0.1 0 0 45.7531 364.475
1.58 2.925 0.1 0 0 42.7781 367.4
1.59 2.825 0.1 0 0 39.9031 370.225
1.6 2.725 0.1 0 0 37.1281 372.95
1.61 2.625 0.1 0 0 34.4531 375.575
1.62 2.525 0.1 0 0 31.8781 378.1
1.63 2.425 0.1 0 0 29.4031 380.525
1.64 2.325 0.1 0 0 27.0281 382.85
1.65 2.225 0.1 0 0 24.7531 385.075
1.66 2.125 0.1 0 0 22.5781 387.2
1.67 2.025 0.1 0 0 20.5031 389.225
1.68 1.925 0.1 0 0 18.5281 391.15
1.69 1.825 0.1 0 0 16.6531 392.975
1.7 1.725 0.1 0 0 14.8781 394.7
1.71 1.625 0.1 0 0 13.2031 396.325
1.72 1.525 0.1 0 0 11.6281 397.85
1.73 1.425 0.1 0 0 10.1531 399.275
1.74 1.325 0.1 0 0 8.77812 400.6
1.75 1.225 0.1 0 0 7.50312 401.825
1.76 1.125 0.1 0 0 6.32812 402.95
1.77 1.025 0.1 0 0 5.25312 403.975
1.78 0.925 0.1 0 0 4.27812 404.9
1.79 0.825 0.1 0 0 3.40312 405.725
1.8 0.725 0.1 0 0 2.62812 406.45
1.81 0.625 0.1 0 0 1.95312 407.075
1.82 0.525 0.1 0 0 1.37812 407.6
1.83 0.425 0.1 0 0 0.903125 408.025
1.84 0.325 0.1 0 0 0.528125 408.35
1.85 0.225 0.1 0 0 0.253125 408.575
1.86 0.125 0.1 0 0 0.078125 408.7
1.87 0.025 0.1 0 0 0.003125 408.725
1.88 0.075 0.1 0 0 0.028125 408.65
1.89 0.175 0.1 0 0 0.153125 408.475
1.9 0.275 0.1 0 0 0.378125 408.2
1.91 0.375 0.1 0 0 0.703125 407.825
1.92 0.475 0.1 0 0 1.12813 407.35
1.93 0.575 0.1 0 0 1.65313 406.775
1.94 0.675 0.1 0 0 2.27813 406.1
1.95 0.775 0.1 0 0 3.00313 405.325
1.96 0.875 0.1 0 0 3.82813 404.45
1.97 0.975 0.1 0 0 4.75313 403.475
1.98 1.075 0.1 0 0 5.77813 402.4
1.99 1.175 0.1 0 0 6.90313 401.225
2 1.275 0.1 0 0 8.12813 399.95
2.01 1.375 0.1 0 0 9.45313 398.575
2.02 1.475 0.1 0 0 10.8781 397.1
2.03 1.575 0.1 0 0 12.4031 395.525
2.04 1.675 0.1 0 0 14.0281 393.85
2.05 1.775 0.1 0 0 15.7531 392.075
2.06 1.875 0.1 0 0 17.5781 390.2
2.07 1.975 0.1 0 0 19.5031 388.225
2.08 2.075 0.1 0 0 21.5281 386.15
2.09 2.175 0.1 0 0 23.6531 383.975
2.1 2.275 0.1 0 0 25.8781 381.7
2.11 2.375 0.1 0 0 28.2031 379.325
2.12 2.475 0.1 0 0 30.6281 376.85
2.13 2.575 0.1 0 0 33.1531 374.275
2.14 2.675 0.1 0 0 35.7781 371.6
2.15 2.775 0.1 0 0 38.5031 368.825
2.16 2.875 0.1 0 0 41.3281 365.95
2.17 2.975 0.1 0 0 44.2531 362.975
2.18 3.075 0.1 0 0 47.2781 359.9
2.19 3.175 0.1 0 0 50.4031 356.725
2.2 3.275 0.1 0 0 53.6281 353.45
2.21 3.375 0.1 0 0 56.9531 350.075
2.22 3.475 0.1 0 0 60.3781 346.6
2.23 3.575 0.1 0 0 63.9031 343.025
2.24 3.675 0.1 0 0 67.5281 339.35
2.25 3.775 0.1 0 0 71.2531 335.575
2.26 3.875 0.1 0 0 75.0781 331.7
2.27 3.975 0.1 0 0 79.0031 327.725
2.28 4.075 0.1 0 0 83.0281 323.65
2.29 4.175 0.1 0 0 87.1531 319.475
2.3 4.275 0.1 0 0 91.3781 315.2
2.31 4.375 0.1 0 0 95.7031 310.825
2.32 4.475 0.1 0 0 100.128 306.35
2.33 4.575 0.1 0 0 104.653 301.775
2.34 4.675 0.1 0 0 109.278 297.1
2.35 4.775 0.1 0 0 114.003 292.325
2.36 4.875 0.1 0 0 118.828 287.45
2.37 4.975 0.1 0 0 123.753 282.475
2.38 5.075 0.1 0 0 128.778 277.4
2.39 5.175 0.1 0 0 133.903 272.225
2.4 5.275 0.1 0 0 139.128 266.95
2.41 5.375 0.1 0 0 144.453 261.575
2.42 5.475 0.1 0 0 149.878 256.1
2.43 5.575 0.1 0 0 155.403 250.525
2.44 5.675 0.1 0 0 161.028 244.85
2.45 5.775 0.1 0 0 166.753 239.075
2.46 5.875 0.1 0 0 172.578 233.2
2.47 5.975 0.1 0 0 178.503 227.225
2.48 6.075 0.1 0 0 184.528 221.15
2.49 6.175 0.1 0 0 190.653 214.975
2.5 6.275 0.1 0 0 196.878 208.7
2.51 6.375 0.1 0 0 203.203 202.325
2.52 6.475 0.1 0 0 209.628 195.85
2.53 6.575 0.1 0 0 216.153 189.275
2.54 6.675 0.1 0 0 222.778 182.6
2.55 6.775 0.1 0 0 229.503 175.825
2.56 6.875 0.1 0 0 236.328 168.95
2.57 6.975 0.1 0 0 243.253 161.975
2.58 7.075 0.1 0 0 250.278 154.9
2.59 7.175 0.1 0 0 257.403 147.725
2.6 7.275 0.1 0 0 264.628 140.45
2.61 7.375 0.1 0 0 271.953 133.075
2.62 7.475 0.1 0 0 279.378 125.6
2.63 7.575 0.1 0 0 286.903 118.025
2.64 7.675 0.1 0 0 294.528 110.35
2.65 7.775 0.1 0 0 302.253 102.575
2.66 7.875 0.1 0 0 310.078 94.7
2.67 7.975 0.1 0 0 318.003 86.725
2.68 8.075 0.1 0 0 326.028 78.65
2.69 8.175 0.1 0 0 334.153 70.475
2.7 8.275 0.1 0 0 342.378 62.2
2.71 8.375 0.1 0 0 350.703 53.825
2.72 8.475 0.1 0 0 359.128 45.35
2.73 8.575 0.1 0 0 367.653 36.775
2.74 8.675 0.1 0 0 376.278 28.1
2.75 8.775 0.1 0 0 385.003 19.325
2.76 7.9025 16.6775 166.725 -105 312.248 27.2275
2.77 7.8025 0.1 0 0 304.395 35.03
2.78 7.7025 0.1 0 0 296.643 42.7325
2.79 7.6025 0.1 0 0 288.99 50.335
2.8 7.5025 0.1 0 0 281.438 57.8375
2.81 7.4025 0.1 0 0 273.985 65.24
2.82 7.3025 0.1 0 0 266.633 72.5425
2.83 7.2025 0.1 0 0 259.38 79.745
2.84 7.1025 0.1 0 0 252.228 86.8475
2.85 7.0025 0.1 0 0 245.175 93.85
2.86 6.9025 0.1 0 0 238.223 100.753
2.87 6.8025 0.1 0 0 231.37 107.555
2.88 6.7025 0.1 0 0 224.618 114.258
2.89 6.6025 0.1 0 0 217.965 120.86
2.9 6.5025 0.1 0 0 211.413 127.363
2.91 6.4025 0.1 0 0 204.96 133.765
2.92 6.3025 0.1 0 0 198.608 140.068
2.93 6.2025 0.1 0 0 192.355 146.27
2.94 6.1025 0.1 0 0 186.203 152.373
2.95 6.0025 0.1 0 0 180.15 158.375
2.96 5.9025 0.1 0 0 174.198 164.278
2.97 5.8025 0.1 0 0 168.345 170.08
2.98 5.7025 0.1 0 0 162.593 175.783
2.99 5.6025 0.1 0 0 156.94 181.385
3 5.5025 0.1 0 0 151.388 186.888
3.01 5.4025 0.1 0 0 145.935 192.29
3.02 5.3025 0.1 0 0 140.583 197.593
3.03 5.2025 0.1 0 0 135.33 202.795
3.04 5.1025 0.1 0 0 130.178 207.898
3.05 5.0025 0.1 0 0 125.125 212.9
3.06 4.9025 0.1 0 0 120.173 217.803
3.07 4.8025 0.1 0 0 115.32 222.605
3.08 4.7025 0.1 0 0 110.568 227.308
3.09 4.6025 0.1 0 0 105.915 231.91
3.1 4.5025 0.1 0 0 101.363 236.413
3.11 4.4025 0.1 0 0 96.91 240.815
3.12 4.3025 0.1 0 0 92.5575 245.118
3.13 4.2025 0.1 0 0 88.305 249.32
3.14 4.1025 0.1 0 0 84.1525 253.423
3.15 4.0025 0.1 0 0 80.1 257.425
3.16 3.9025 0.1 0 0 76.1475 261.328
3.17 3.8025 0.1 0 0 72.295 265.13
3.18 3.7025 0.1 0 0 68.5425 268.833
3.19 3.6025 0.1 0 0 64.89 272.435
3.2 3.5025 0.1 0 0 61.3375 275.938
3.21 3.4025 0.1 0 0 57.885 279.34
3.22 3.3025 0.1 0 0 54.5325 282.643
3.23 3.2025 0.1 0 0 51.28 285.845
3.24 3.1025 0.1 0 0 48.1275 288.948
3.25 3.0025 0.1 0 0 45.075 291.95
3.26 2.9025 0.1 0 0 42.1225 294.853
3.27 2.8025 0.1 0 0 39.27 297.655
3.28 2.7025 0.1 0 0 36.5175 300.358
3.29 2.6025 0.1 0 0 33.865 302.96
3.3 2.5025 0.1 0 0 31.3125 305.463
3.31 2.4025 0.1 0 0 28.86 307.865
3.32 2.3025 0.1 0 0 26.5075 310.168
3.33 2.2025 0.1 0 0 24.255 312.37
3.34 2.1025 0.1 0 0 22.1025 314.473
3.35 2.0025 0.1 0 0 20.05 316.475
3.36 1.9025 0.1 0 0 18.0975 318.378
3.37 1.8025 0.1 0 0 16.245 320.18
3.38 1.7025 0.1 0 0 14.4925 321.883
3.39 1.6025 0.1 0 0 12.84 323.485
3.4 1.5025 0.1 0 0 11.2875 324.988
3.41 1.4025 0.1 0 0 9.83503 326.39
3.42 1.3025 0.1 0 0 8.48253 327.693
3.43 1.2025 0.1 0 0 7.23003 328.895
3.44 1.1025 0.1 0 0 6.07753 329.998
3.45 1.0025 0.1 0 0 5.02503 331
3.46 0.9025 0.1 0 0 4.07253 331.903
3.47 0.8025 0.1 0 0 3.22003 332.705
3.48 0.7025 0.1 0 0 2.46753 333.408
3.49 0.6025 0.1 0 0 1.81503 334.01
3.5 0.5025 0.1 0 0 1.26253 334.513
3.51 0.4025 0.1 0 0 0.810031 334.915
3.52 0.3025 0.1 0 0 0.457531 335.218
3.53 0.2025 0.1 0 0 0.205031 335.42
3.54 0.1025 0.1 0 0 0.0525313 335.523
3.55 0.0025 0.1 0 0 3.125e-005 335.525
